0.103327
0.077386
-0.023829
-0.072325
0.003382
-0.028520
0.085140
-0.059006
-0.007021
0.025015
0.122434
0.001406
-0.065449
0.076741
0.035511
-0.074848
0.122924
0.144836
0.093065
0.120650
-0.056956
0.068950
0.119651
0.055195
-0.008357
-0.119790
-0.019748
0.033266
0.123903
0.139982
-0.006897
0.109593
-0.071852
0.091508
0.014610
-0.145787
0.065911
-0.030353
0.097453
0.050446
-0.149657
-0.001927
0.110281
-0.076827
-0.052439
0.111141
-0.092680
0.020253
-0.078415
0.140262
0.090954
-0.015609
-0.125866
-0.053984
0.002382
0.129850
-0.117283
0.015380
0.061968
0.014232
0.094340
0.012085
0.139152
0.030956
0.026285
-0.016503
0.028886
-0.034530
0.022695
-0.062901
-0.093183
-0.093981
0.033832
0.046998
-0.007041
-0.123053
0.077281
0.113031
0.127014
0.102738
0.119452
0.126925
0.012180
-0.032611
0.061585
-0.067310
0.093489
0.104846
0.118512
0.026940
0.134929
0.023909
-0.014831
0.048074
0.148877
0.125082
0.087998
-0.125288
0.033835
-0.004067
0.039044
0.103523
-0.077089
0.069447
-0.114860
-0.083862
0.088375
-0.050239
0.094774
-0.119818
-0.106092
0.059301
-0.136430
0.022160
0.123005
0.010259
0.054177
-0.141991
0.040500
0.031902
0.022786
-0.032637
-0.038958
0.144155
-0.139082
-0.143509
0.138309
-0.094508
-0.112831
-0.086827
0.090224
0.131091
-0.143165
-0.022314
-0.119550
-0.072024
-0.083751
0.044078
-0.044912
-0.095905
0.001091
-0.138186
-0.119724
0.146471
-0.090193
-0.042433
0.069479
0.101498
0.125545
-0.099173
0.051792
0.139965
-0.132585
0.052861
0.103627
-0.047306
-0.074794
0.029037
-0.017306
-0.097554
-0.008512
-0.027028
0.020734
0.002580
-0.056566
-0.042854
0.101298
-0.074720
0.018180
-0.146269
0.072472
-0.049225
-0.136291
-0.065735
-0.077961
0.135939
-0.044332
-0.063637
-0.042240
0.134072
0.040124
0.036323
0.064686
-0.033595
-0.025675
0.045250
-0.149543
-0.092307
-0.049679
-0.078175
0.041220
-0.036406
0.112627
0.020445
-0.025678
-0.029320
0.060549
-0.024532
0.048659
-0.135966
-0.016394
-0.072232
-0.102694
0.008272
-0.003820
0.018421
0.076645
0.115163
-0.001625
-0.056383
-0.009932
0.092714
0.112505
0.093724
-0.093600
0.149826
0.039927
-0.124960
0.067666
0.146046
-0.029455
0.053555
-0.055147
-0.085943
0.065197
-0.149293
0.096819
0.008504
